141
159
188
132
204
 91
104
100
 39
152
 20
202
148
  4
200
 60
135
163
 11
 54
184
 15
113
  3
 86
224
  9
 14
183
216
194
145
 97
 81
213
168
253
155
164
137
 24
211
149
102
  5
222
 67
118
139
143
 94
 41
203
 55
136
 47
214
198
 16
246
122
 34
101
233
125
  2
 51
117
147
220
197
242
 75
120
205
 10
247
207
126
179
172
150
110
144
225
218
 27
 87
 80
 70
106
 13
231
 26
 68
107
158
 79
 73
 58
221
 29
217
171
173
185
 66
151
 53
255
238
 17
156
 76
 48
 77
180
181
153
243
129
244
 35
 98
162
212
160
146
 90
206
219
175
 23
 18
252
103
254
  6
199
248
 92
176
177
  7
128
190
 84
131
166
 42
109
115
 21
 95
  1
 85
154
112
251
 65
121
 72
228
 93
157
140
208
193
 56
 83
 69
250
186
234
 62
 30
215
 40
116
 45
 64
 52
245
 36
165
 82
174
 46
235
 49
210
105
230
189
133
167
111
195
 12
 74
187
170
178
 99
130
209
226
249
196
 43
161
227
 63
127
123
240
108
 22
 96
237
 89
 61
 50
 19
114
 88
229
134
 38
119
239
 25
 37
 44
223
201
236
 33
124
 78
169
241
232
 32
138
 71
 28
 31
 57
192
  8
142
 59
191
182